image: CEEC_map.pgm
resolution: 0.050000
origin: [-3.828663, -3.661255, 0.000000]
negate: 0
occupied_thresh: 0.65
free_thresh: 0.196

