image: E12.pgm
resolution: 0.050000
origin: [-15.437772, -5.907320, 0.000000]
negate: 0
occupied_thresh: 0.65
free_thresh: 0.196

