image: E6.yaml.pgm
resolution: 0.050000
origin: [-6.077057, -7.064981, 0.000000]
negate: 0
occupied_thresh: 0.65
free_thresh: 0.196

